224776
224626
224719
224694
224433
224435
224407
224328
224339
224340
224376
224364
224285
224836
224855
224935
224820
224738
224759
224531
224553
224962
224764
224956
224797
225088
224954
225383
225390
225471
225395
225446
225428
225364
225351
225384
225356
225371
225302
225333
225609
225594
225657
225805
225766
225806
225745
225827
225778
226016
226010
226179
226173
226182
226183
226175
226180
226167
226214
226185
226202
226253
226207
226228
226011
226302
226268
226218
226188
226367
226371
226177
226475
226536
226492
226590
226501
226637
226628
226543
226764
226779
226793
226853
226804
226836
226822
226799
226717
226852
226801
226860
227159
227107
226865
226986
227230
227194
227288
227381
227235
226900
227274
226892
227488
227437
227496
227313
227456
227296
227557
227510
227374
227384
227501
227619
227539
227525
227568
227576
227547
227551
227372
227672
227459
227628
228644
228534
228499
228290
228302
228270
228338
228202
228209
228213
228284
228317
228234
228193
228150
228812
228726
228727
228485
228736
228875
228903
228779
228909
228710
228889
228896
228984
229091
229082
229055
229097
229059
229074
229126
229194
228944
228905
228921
229237
229233
229223
229108
228904
229224
229232
229155
228936
229157
229383
229347
229338
229371
229266
229359
229403
229487
229573
229547
229586
229431
229561
229344
229528
229800
229748
229447
229780
229786
229872
229807
229703
229770
229785
229750
229899
229952
229867
230095
230088
230073
230081
230105
230087
230084
230099
230079
229912
230102
230090
230263
230130
230133
230275
230276
230278
230281
230208
229862
229844
230139
230151
230261
230308
230337
230227
230403
230385
230217
230345
230413
230561
230302
230507
230191
230391
230366
230123
230008
230563
230535
230575
230482
230513
230536
230695
230698
230746
230829
230841
230522
230833
230827
230795
230533
230943
231048
231057
231020
230976
230949
230957
230886
230873
230753
230749
231096
231045
231186
231172
231191
231231
231221
230844
231314
231160
231010
231173
231224
231288
231344
231636
231651
231669
231658
231646
231461
231679
231704
231736
231620
231599
231605
231140
231642
231602
231574
231653
232034
231830
231848
231657
232058
232103
232084
232011
232174
232169
232063
232416
232167
232148
232209
232194
232452
232270
232235
232422
232553
232596
232603
232557
232508
232507
232627
232599
232586
232518
232635
232608
232691
232669
232713
232734
232718
232813
232788
232906
232727
232532
232905
232932
232955
232827
232954
232749
232981
233063
232982
232983
232942
232990
233004
233055
232896
233123
233201
233194
233181
232962
233153
233169
233105
232935
233219
233164
233174
233192
233100
233228
233464
233482
233509
233397
233401
233403
233506
233404
233408
233300
233354
233430
233311
233329
233636
233691
233689
233707
233723
233314
233761
233695
233754
233741
233810
233443
234166
234170
234173
234063
234005
234038
234108
233946
233927
233962
233858
233906
233871
233891
233869
233902
234008
234174
234066
234275
234226
234185
234081
234259
234354
234360
234082
234159
234527
234364
234947
234785
234804
234825
234808
234815
234866
234828
234717
234697
234699
234644
234654
234624
234536
234538
234547
234606
234797
235046
234880
235181
235228
235120
235044
235224
235105
235090
235104
235049
235385
235278
235486
235477
235379
235327
235432
235215
235139
235558
235514
235557
235556
235715
235681
235772
235616
235738
235725
235799
235816
235658
235879
235845
235817
235807
235846
235594
235866
235915
236026
236047
235949
235856
236067
236180
236197
235997
236109
236134
236264
236233
235941
236206
236126
236188
236533
236459
236453
236402
236395
236448
236242
236493
236294
236203
236243
236572
236530
236570
236856
236866
236837
236778
236723
236755
236667
236702
236736
236725
236633
236720
236573
236547
236853
236694
236757
236926
236891
236838
236852
236946
236747
236835
236924
237076
237009
236930
236857
237111
237101
237024
236982
237208
237218
237224
237181
237100
237165
237103
237118
237006
236988
237274
237129
237356
237222
237221
237234
237361
237397
237368
237417
237457
237358
237225
237484
237451
237270
238921
238932
238927
238940
239127
238983
238886
238816
238817
238819
238820
238896
238827
238766
238722
238724
238723
238736
238617
238623
238624
238634
238652
238700
238612
238582
239110
238949
239109
239619
239630
239638
239626
239620
239607
239565
239433
239446
239517
239295
239319
239341
239350
239333
239208
239216
239803
239740
239889
239826
239809
239702
239311
239853
239792
239866
240083
239737
240153
240166
240132
240167
240180
240144
240149
240104
240298
239947
240350
240385
240222
240429
241515
241533
241506
241525
241555
241419
241381
241395
241465
241386
241394
241399
241405
241407
241362
241279
241222
241097
241568
241508
241472
241959
241903
241919
241969
241967
241936
241948
241830
241881
241757
241763
241827
241734
241998
242098
242147
241955
242471
242403
242409
242415
242274
242317
242259
242250
242261
242213
242519
242463
242480
242503
242500
242574
242551
242469
242624
242669
242594
242661
242616
242516
242203
242655
242676
242711
242912
242692
242945
243007
242917
243026
243011
242944
243034
243061
243031
243067
243027
243045
243080
242960
243024
243144
243042
242970
243033
243162
243006
243020
243306
243382
243375
243385
243406
243445
243496
243170
243462
243285
243311
243424
243632
243397
243364
243366
243482
243485
243373
243537
243498
243757
243718
243840
243927
243902
243943
243905
243962
244012
243876
243821
243543
244000
243995
243987
244078
243865
243846
244031
244162
243911
244083
244091
244369
244386
244054
244443
244378
244232
244361
244373
244450
244418
244350
244437
244220
244534
244130
244493
244594
244374
244612
244624
244726
244733
244697
244700
244782
244407
244795
244616
244683
244859
244799
244957
245041
245044
245067
244982
245039
245052
245115
245042
245139
245015
245089
245095
245063
244876
245141
245091
245291
245027
245219
245373
245366
245468
245357
245092
245453
245340
245584
245536
245286
245126
245051
245527
245604
245587
245812
245766
245834
245571
245699
245598
245718
245940
245830
245511
245404
246764
246803
246751
246777
246654
246540
246535
246541
246515
246504
246487
246465
246471
246386
246395
246422
246448
246440
246373
246835
246810
246675
246992
246990
246996
247207
247101
247047
247076
247208
246983
246977
246972
246958
246758
246830
246851
247583
247587
247392
247286
247350
247231
247217
247680
247591
247719
247630
247619
247610
247838
247886
247702
247761
247950
248020
247991
247843
247884
248104
248021
247998
247807
248120
248238
248161
247976
247999
248085
248094
248393
248328
248446
248451
248442
248198
248267
248469
248615
248620
248643
248491
248497
248564
248346
248302
248317
248347
248374
248356
248790
248769
248852
248884
248913
248797
248706
248977
248909
248924
248675
249054
248808
248987
248990
249001
249024
248878
248499
249110
248845
249022
249156
249277
249267
249259
249282
249168
249314
249052
249143
248962
249146
249020
249376
249460
249468
249490
249336
249458
249356
249487
249070
249500
249528
249473
249498
249716
249594
249629
249725
249549
249708
249546
249527
249747
249536
249474
249386
249349
249364
249875
249886
249785
249942
249633
249944
249811
249977
250016
249813
250147
249992
249989
249999
250018
250351
250305
250204
249894
250403
250267
250456
250798
250697
250705
250776
250590
250603
250608
250462
250458
250513
250488
250511
250616
250410
250373
250136
250278
250773
250836
250840
250816
250635
250653
250807
250787
251010
251706
251702
251662
251624
251577
251541
251528
251568
251582
251552
251457
251436
251389
251419
251491
251795
251796
251782
251824
251597
251752
251821
251994
251797
251730
251969
252126
251954
251847
252127
251967
251959
252143
252116
252029
252193
251952
252208
251978
252110
252089
252184
252189
252313
252302
252338
252300
252451
252329
252356
252600
252642
252654
252604
252044
252713
252683
252689
252673
252431
252739
252757
252634
252843
252747
252590
252690
252790
252821
252639
252547
252479
252712
252880
252664
252727
252792
253006
252925
252884
252959
253041
252921
253261
253242
253138
253160
253325
253078
253087
253027
253428
253277
253329
253379
253436
253113
253120
253318
253491
253335
253133
253173
253305
253511
253562
253548
253527
253538
253552
253256
253516
253652
253574
253671
253566
253874
253889
253876
253921
253910
254071
254091
253928
253937
253923
253680
254255
254174
254250
254306
254290
254310
254308
254358
254323
254359
254316
254365
254266
254546
254548
254549
254550
254555
254560
254380
254527
254594
254570
254719
254657
254588
254704
254599
254815
254705
254760
254595
254598
254922
254876
254880
254664
254902
254846
254939
254573
254580
254997
254691
255012
255013
254873
254915
254579
255052
255063
254746
255107
255070
255017
255034
255064
255093
255058
255061
255142
255046
254831
255329
255232
255050
255453
255412
255485
255492
255511
255054
255226
255553
255565
255464
255678
255758
255763
255462
255767
255458
255625
255793
255718
255626
255682
255927
255461
255669
255978
255905
256053
256018
255998
255971
255803
256318
256121
256197
255979
255942
255887
256273
256033
256363
256374
256460
256397
256508
256510
256424
256534
256544
256434
256415
256524
256506
256549
256657
256613
256365
256708
256711
256738
256730
256732
256749
256511
256802
256774
256667
256827
256852
256747
256718
256683
256796
256862
256890
257023
257041
257082
257156
257127
257143
257132
257137
257084
257238
257129
257174
257196
257231
257252
257299
257397
257406
257364
257408
257394
257409
257435
257514
257423
257369
257398
257551
257452
257499
257507
257565
257451
257502
257525
257601
257750
257668
257800
257682
257813
257865
257901
257953
257899
257917
257848
257972
257921
257849
257938
257981
258023
258043
257948
257941
257854
258014
258037
257984
257905
257890
257845
257830
258099
257879
258028
258048
258018
258286
258289
258333
258335
258261
258096
257963
258399
258412
258396
258483
258490
258470
258322
258227
258543
258508
258590
258584
258599
258606
258575
258469
258345
258373
258549
258700
258664
258527
258693
258679
258720
258648
258696
258747
258790
258767
258799
258698
258712
258705
258817
258895
258916
258777
258623
258968
258983
258782
258630
258912
259187
259104
258994
258904
258675
258821
258988
258981
258631
259137
259140
259171
259160
259264
259267
259156
259415
259390
259371
259286
259454
259448
259334
259372
259343
259318
259455
259487
259350
259434
259442
259536
259507
259344
259453
259562
259467
259634
259686
259494
259496
259818
259813
259789
259798
259848
259834
259871
259930
259762
259953
260079
260113
259943
259989
259845
260203
260186
260010
260003
260163
260522
260539
260577
260524
260480
260469
260447
260394
260411
260397
260388
260315
260254
260258
260291
260294
260293
260160
260192
260610
260526
260542
260705
260483
260533
260783
260889
260679
261088
261016
260707
260691
261124
261106
261593
261590
261498
261321
261334
261360
261289
261283
261166
261128
261148
261191
261112
261207
261301
261198
261101
261165
261064
261070
261048
261050
261055
261066
261079
261105
261637
261584
261452
261555
261641
261672
261603
261564
261640
261622
261930
261953
261941
261702
262097
262108
262081
262136
262150
262154
262205
262363
262387
262235
262339
262183
262324
262470
262488
262411
262322
262173
262592
262506
262225
262597
262561
262725
262757
262888
262886
262943
262895
262957
262912
262464
262880
262963
262921
263007
262992
263060
263187
262997
263019
263185
262936
263228
263114
263148
263083
263324
263214
263239
263108
263313
263543
263343
263654
265205
265002
264934
265000
265003
264976
264952
264870
264808
264764
264727
264735
264862
264691
264763
264695
264720
265503
265509
265479
265482
265504
265455
265430
265398
265341
265346
265307
265311
265405
265409
265335
265293
265290
265226
265561
265535
265706
265577
265595
265790
265570
265614
265844
265765
265805
265813
265824
265882
266047
268201
268113
268021
267953
267956
268005
267933
267842
267859
267902
267934
268093
267754
267755
267828
268024
267792
268849
268859
268897
268855
268698
268644
268612
268575
268613
268687
268485
268478
268442
268873
268919
268901
268966
269563
269451
269447
269413
269455
269282
269435
269567
269700
269495
269511
269662
269749
269641
269683
269745
269776
270456
270377
270380
270410
270211
270212
270168
270201
270169
270173
270178
270179
270283
270203
270319
270323
270060
270081
269999
269996
270044
270068
270065
270438
