88327
88261
88282
88366
88199
88208
88221
88234
88189
88115
87971
87972
88002
87939
87991
87848
87850
87931
87798
87824
87771
87721
87773
87668
87614
87579
87514
87517
87522
87546
87516
87480
87382
87420
87384
87417
87388
87402
87390
87312
87331
87277
87278
87172
87175
87176
87188
87179
87136
87138
87147
87149
88347
88367
88177
88171
88172
88464
88480
88433
88388
88395
88268
88587
88116
88634
88623
88500
88481
88320
88386
88339
88655
88345
88658
88778
88808
88768
88785
88706
88644
88699
88695
88599
88641
88625
88607
88250
88279
88928
88904
88636
88725
88906
88936
88911
88685
88879
89027
88818
88801
89152
89143
89046
88899
88793
88965
88847
88871
89073
89164
89140
89131
89270
89388
89306
89444
89448
89404
89533
89540
89837
89827
89852
89843
89717
89631
89806
89751
89971
89953
89956
89848
89987
90165
90189
90218
90184
90167
90172
90240
90325
90219
90273
90358
90267
90271
90225
90301
90309
90298
89966
90403
90310
90486
90600
90525
90616
90603
90640
90629
90673
90828
90716
90597
90655
90699
90654
90983
90991
90887
90754
91059
90843
90957
90962
91170
91256
91283
91346
91285
91206
91349
91096
91419
91276
91482
91727
91758
91734
91711
91690
91632
91565
91566
91599
91614
91720
91538
91492
91463
91378
91334
91797
91813
91732
91996
92016
92127
92144
92097
92155
91862
92096
92402
92364
92412
92451
92500
92512
92496
92379
92510
92348
92615
92384
92584
92415
92515
92599
92741
92716
92755
92651
92656
92768
92653
92849
92668
92852
92879
93008
92894
93012
93010
93034
93079
92903
93219
93007
93297
93387
92831
93209
93327
93343
93433
93617
93591
93586
93627
93497
93163
93557
93574
93593
93701
93112
93148
93592
93631
93528
93402
93398
93777
93711
93941
93867
93986
93991
93896
93579
94080
93778
94047
94034
93910
93952
93955
94286
94216
94228
94596
94598
94391
94587
94948
94865
94866
94953
94993
94964
94885
95097
95013
95035
94946
95260
95127
94975
95310
95661
95628
95336
95349
95665
95614
95606
95609
95591
95645
95570
95568
95672
95603
95542
95565
95668
95621
95587
95563
95631
95500
95549
95666
95622
95702
95856
95784
96327
96668
96746
96645
96804
96806
96323
96820
96706
96721
96810
96539
96731
96812
97045
97151
97079
97205
97053
96798
97203
97210
97196
97271
97180
97266
97081
97510
97544
97506
97454
97223
97157
97258
97178
97158
97656
97504
97682
97473
97657
97652
97692
97733
97774
97810
97534
97680
97515
97923
98004
98000
98019
97950
98149
98198
98294
98341
98281
98328
98310
98224
98457
98467
98540
98569
98562
98695
98734
98888
98833
98766
98778
98753
98735
98804
98984
98918
99095
99101
99196
99099
99244
99255
99218
99525
99533
99534
99583
99596
99246
99568
99275
99602
99586
99649
99384
99400
99839
99623
99711
99754
99863
99856
99958
99795
99956
99949
99948
100089
100144
100071
100145
100132
100092
100090
100251
100141
100539
100399
100309
100758
100517
100423
100325
100479
100826
100922
100249
100926
100602
100981
100970
100960
100915
100949
101059
101003
100785
101116
101117
101146
101048
101110
101142
101128
101177
101091
101097
101086
100916
101152
101138
101169
101130
101262
101102
101440
101135
101448
101412
101458
101414
101422
101335
101126
101595
101701
101535
101734
101559
101810
101699
101837
102086
102049
102266
102300
102375
102108
102395
102414
102532
102510
102394
102915
102460
102961
102958
102948
102775
102545
102998
103387
102946
103864
103875
104036
104037
104055
104060
104043
104612
104921
104927
104900
104948
104815
104838
105026
104846
105411
105648
105700
105795
105797
105745
105755
105759
105903
105920
105944
105501
105567
105826
106022
105979
105897
106098
106283
106429
106345
106348
106135
106665
106695
106853
106652
106672
107018
106955
106995
107177
107053
107031
106959
107013
107049
107112
107385
107368
107286
107372
107321
107545
107683
107412
107652
107848
107851
107912
107714
107643
108114
107907
108166
108145
108843
108796
108712
108761
108740
108727
109360
109013
109196
109426
109415
109936
109919
110206
110233
110227
110509
110716
110561
110523
110714
110725
110720
110908
111018
110992
110951
110921
110927
110933
110953
110932
111119
111133
111134
111095
111123
111078
111090
111079
111167
111185
111395
111502
111484
111650
111679
111652
111830
111793
111809
112076
112251
112176
112167
112171
112273
112440
112973
112976
113022
113108
113229
113378
113381
113233
113356
113498
113439
113641
113764
113766
113803
113793
114133
114271
114100
114120
114324
114320
114302
114280
114641
114701
114733
114789
114793
114880
115204
115131
115270
115421
115459
115387
115494
115397
115416
115413
115731
116084
115689
116467
116435
116401
116413
116450
116373
116419
116730
116633
116725
116699
116972
116974
117283
117356
117360
117440
117495
117594
117617
117613
117848
117860
117939
117965
118083
118329
118312
118337
118256
118289
118276
118426
118433
118253
118429
118987
119214
119330
119559
119785
119783
119982
119735
119889
119497
120034
119953
120140
120889
120932
121000
121134
121044
121097
121272
121295
121287
121273
121317
121316
121235
121657
121749
122053
121809
121874
122221
122302
122375
122390
122315
122299
122419
122383
122625
122707
122680
122756
122666
122555
122799
122820
122802
122909
122847
122859
122946
123232
123540
123558
123401
123476
123605
123382
123761
123848
123883
124076
124001
124020
123874
124394
124408
124428
124430
124472
124464
124689
124694
124701
124636
124621
124397
124610
125134
125117
124987
125496
125064
125691
125726
125757
125712
125919
126120
126118
126140
126184
126192
126208
126142
126481
126732
126756
126708
126651
126911
126930
126886
127279
127142
127187
127303
127392
127418
127439
127516
127391
127356
127417
127707
128065
128050
127812
128292
128344
128360
128370
128653
128646
128745
128717
128710
129070
129076
129023
129073
129077
129033
129072
129066
129092
129083
129067
128933
128944
128855
129102
129132
129112
128973
128889
128818
128874
129160
129165
129162
129085
128842
129161
129166
129139
129177
129191
129188
129168
129194
129203
129137
129084
129117
129207
129157
129101
129198
129211
129174
129131
129221
129222
129213
129096
129239
129210
129240
129234
129153
128985
129244
129123
129156
129196
129204
129199
129230
129175
129214
129029
129254
129224
129133
129115
129257
129268
129238
129281
129275
129241
129285
129280
129286
129322
129296
129182
129127
129206
129284
129287
129336
129298
129346
129349
129158
129352
129300
129311
129227
129274
129305
129289
129237
129364
129242
129108
129376
129371
129316
129335
129339
129318
129395
129328
129388
129217
129393
129385
129383
129408
129417
129386
129365
129380
129434
129410
129422
129441
129440
129430
129435
129512
129453
129572
129442
129489
129519
129714
129756
129783
129826
129840
130501
130416
130507
130638
130783
130755
130879
131002
131134
131105
131360
131855
131819
131843
131918
132307
131928
132321
132363
132277
132930
132560
132879
133086
132881
132904
133246
133305
133440
133527
133415
133661
134589
134600
134388
134355
134390
134322
134361
134133
135229
135195
135152
135086
135094
135087
135154
135011
134893
134891
135466
135487
135503
135880
136114
136060
135886
136487
136304
136388
136788
136780
136698
136697
136617
137007
136927
136911
136943
137075
137704
137723
137797
137722
137542
137689
137833
137759
138023
137902
137850
138142
138280
138189
138462
138197
138524
138515
138769
138885
139023
139038
139249
139364
137892
137960
137919
139917
139931
139920
139696
139983
139793
139964
140056
140039
140067
140025
140057
140018
139999
140071
140054
139988
140083
140023
140102
140104
140106
140113
140126
140099
140122
140076
140111
140090
140095
140121
140128
140175
140145
140211
140160
140252
140251
140272
140267
140262
140260
140144
140309
140231
140110
140079
140324
140279
140360
140348
140243
140335
140316
140140
140370
140297
140401
140549
140573
140543
140546
140563
140567
140544
140464
140456
140475
140414
140410
140406
140502
140411
140431
140432
140438
140487
140383
140412
140417
140341
140365
140336
140322
140325
140270
140238
140280
140274
140459
140578
140584
140448
140582
140571
140539
140455
140477
140399
140490
140534
140557
140536
140462
140479
140503
140486
140678
140699
140703
140701
140708
140679
140638
140542
140612
140474
140700
140680
140489
140760
140777
140714
140723
140733
140744
140755
140803
140792
140666
140997
140943
140896
140895
140942
140879
140902
140927
140908
140834
140853
140885
140861
140820
140873
140734
140791
140775
140753
140721
140598
140509
140499
140964
141025
141018
140878
140944
141016
140976
140910
141042
140926
140923
140800
140821
140710
141011
141048
140972
140920
140630
141120
141014
141096
141000
140907
140905
140738
140814
141143
141146
141058
141189
141202
141173
141211
141200
141142
141180
141411
141291
141328
141243
141249
141289
141250
141259
141303
141293
141276
141228
141205
141187
141290
141019
141170
141122
141113
141126
140862
141234
141298
141424
141427
141169
141485
141488
141463
141486
141281
141510
141473
141489
141373
141552
141525
141468
141554
141377
141597
141511
141586
141521
141535
141425
141643
141601
141505
141497
141516
141530
141629
141499
141507
141524
141551
141429
141454
141365
141222
141750
141553
141769
141734
141748
141811
141786
141798
141607
141782
141772
141783
141732
141737
141801
141759
141784
141822
141764
141768
141844
141852
141917
141940
141802
141714
141675
141813
141803
141985
141883
141776
141795
141832
141842
141904
142021
141965
141777
141779
142107
142100
142007
142027
142113
142047
141953
142010
141884
142096
141956
141926
142182
142136
142083
142166
142069
142116
142060
142233
142128
142097
142141
142151
142081
141996
141990
142197
142132
142154
142131
142090
142321
142104
142297
142330
142160
142353
142349
142174
142338
142285
142316
142196
142328
142378
142352
142337
142238
142367
142369
142359
142443
142439
142396
142362
142195
142366
142259
142268
142288
142320
142176
142456
142441
142232
142460
142347
142478
142322
142470
142476
142420
142440
142520
142348
142547
142500
142477
142454
142525
142570
142544
142511
142498
142565
142569
142508
142481
142374
142552
142576
142450
142505
142539
142523
142210
142669
142672
142695
142698
142615
142579
142593
142412
142382
142719
142711
142665
142705
142599
142617
142746
142582
142625
142614
142730
142492
142504
142486
142726
142740
142681
142699
142644
142657
142480
142531
142563
142804
142754
142735
142751
142759
142909
142819
142874
142902
142913
142879
142832
142770
142908
142948
142890
142861
142723
142721
142727
142763
142864
142897
142867
142898
142818
142472
142972
142693
142712
142970
142975
142990
142918
142666
142646
143041
143020
142973
142967
143022
143014
143050
143057
143106
143093
143019
142941
142966
142929
143127
143001
143003
143032
143148
142979
142716
143012
143038
143188
143086
142904
142771
143138
143043
143046
143088
142987
143248
143218
142799
143063
143296
143298
143209
143197
143132
143115
143379
143388
143329
143403
143099
143084
143130
143372
143397
143407
143438
143454
143367
143433
143404
143467
143447
143345
143246
143243
143431
143444
143458
143621
143618
143591
143526
143531
143593
143308
143641
143563
143489
143685
143462
143933
143932
143935
143938
143945
143891
143902
143883
143878
143890
143893
143895
143776
143792
143765
143779
143810
143716
143653
143670
143644
143793
143635
143451
143974
143380
143799
143909
144032
144013
143978
143980
144022
144023
143876
144046
143994
144160
144118
143941
143922
144129
144140
144163
144090
144062
144035
144187
144124
144198
143988
144009
144247
144202
144102
143975
143892
143924
144233
144273
144146
144191
144109
143879
144387
143809
144401
144395
144416
144403
144411
144389
144099
144130
144372
144426
144286
144336
144371
144436
144472
143964
144446
144379
144266
144482
144383
144201
144344
144183
144442
144346
144226
144417
144378
144101
144455
144471
144587
144605
144584
144609
144415
144647
144636
144412
144094
144580
144633
144674
144687
144644
144381
144621
144682
144696
144643
144670
144770
144794
144746
144758
144761
144813
144776
144738
144570
144592
144760
144781
144849
144698
144649
144875
144854
144722
144778
144829
144736
144836
144438
144435
144817
144916
144904
144831
144921
144940
144952
144956
144953
144949
144871
144968
144877
144915
144810
144759
144942
144869
145017
144847
145031
145032
145054
145003
145073
145075
145119
145067
144995
145023
144744
145115
145064
145148
145083
144771
145125
145141
145049
145050
145167
145109
145152
145170
145209
145124
145110
145284
145308
145105
145221
145236
145342
145020
145291
145355
145372
145192
145380
145378
145132
145416
145435
145445
145429
145477
145475
145483
145409
145323
145436
145490
145469
145507
145465
145388
145243
145521
145522
145541
145556
145540
145270
145137
145533
145488
145576
145619
145688
145459
145611
145656
145430
145740
145677
145615
145635
145601
145670
145625
145502
145977
145896
145939
145904
145843
145799
145810
145854
145946
145824
145829
145840
145750
145747
145735
145690
145742
145701
145655
145519
145691
145433
145410
145788
145662
145743
146009
145579
145665
146078
145703
145617
146157
146072
146013
145716
146162
146154
146121
146085
145976
145717
145776
145919
146117
146127
146166
146087
146167
146260
146168
146108
146255
146041
145915
145737
146049
146140
146036
146277
146358
146311
146329
146376
146075
146432
146395
146363
146274
146436
146440
146254
146484
146501
146530
146534
146499
146467
146466
146509
146513
146546
146522
146588
146587
146551
146566
146489
146451
146476
146391
146599
146592
146593
146597
146604
146662
146615
146635
146545
146564
146594
146611
146543
146646
146565
146772
146586
146703
146584
146650
146434
146809
146705
146746
146649
146659
146698
146827
146570
146520
146817
146784
146852
146934
146923
146862
146880
146825
146854
146875
146764
146648
146936
146937
146893
146955
146915
146806
146669
146952
146974
146888
146892
146950
146894
146590
147012
147008
147051
146914
147129
146997
146961
147007
146962
147163
147252
147159
147004
147201
147269
147148
147134
147001
147328
147211
147386
147392
147357
147415
147416
147395
147424
147430
147446
147445
147418
147473
147332
147480
147455
147461
147476
147483
147588
147534
147406
147265
147630
147511
147657
147662
147609
147544
147308
147635
147608
147390
147505
147717
147734
147640
147753
147761
147708
147725
147740
147699
147782
147711
147689
147790
147690
147814
147728
147688
147821
147804
147778
147762
147807
147749
148014
147939
147961
147832
147850
147865
147825
147827
147837
147956
147969
147755
147776
147743
148015
148074
147922
147830
147766
148069
148128
147998
148093
147927
148107
148131
147838
148152
148169
148077
148071
148277
148260
148149
148268
148171
148127
148225
148113
148065
148076
148070
148027
147995
148086
147949
147705
147796
148261
148299
148401
148316
148417
148419
148368
148470
148451
148420
148485
148421
148502
148395
148286
148527
148534
148476
148397
148410
148531
148556
148479
148461
148309
148595
148526
148528
148561
148523
148535
148540
148493
148439
148325
148267
148280
148580
148543
148511
148498
148159
148413
148538
148685
148520
148541
148602
148416
148730
148821
148607
148613
148819
148926
148936
148905
148568
148627
148947
148995
149007
148993
148967
148882
148782
149064
149074
149054
149135
149119
149008
149085
148608
149068
149106
149227
149232
149178
149191
148958
149249
149103
149022
149305
149308
148708
149328
149226
149256
149150
149321
149329
149235
149338
149255
149269
149375
149342
149198
149383
149037
149052
149306
149323
149330
149325
149234
149247
149318
148992
149392
149287
149283
149374
149371
149331
149240
149518
149534
149539
149479
149418
149480
149290
149576
149562
149525
149590
149140
149549
149555
149843
149819
149821
149751
149714
149735
149661
149571
149517
149578
149663
149482
149503
149515
149727
149636
149906
149893
149812
149671
149928
149960
149834
149938
149926
150000
149917
149955
149919
149900
149706
149799
149763
150016
149932
150096
150114
150047
150106
150161
150172
150183
150143
150127
150116
149662
150212
150232
150273
150227
150263
150110
150385
150387
150354
150286
150270
150410
150425
150426
150424
150438
150459
150453
150407
150394
150494
150122
150601
150648
150650
150400
150539
150568
150676
150699
150711
150698
150599
150694
150610
150525
150565
150686
150184
150668
150476
150800
150802
150811
150587
150613
150715
150815
150777
150779
150695
150851
150702
150667
150805
150818
150847
150471
150896
150687
150849
150866
150586
150776
150759
150859
150646
150736
151021
150780
150788
150629
151038
150697
151043
151029
151032
150865
151107
151141
151085
151185
150901
150886
151237
151168
151092
150852
151193
151678
151694
151685
151662
151665
151531
151546
151562
151572
151576
151589
151605
151478
151482
151487
151522
151506
151464
151437
151524
151203
151114
151278
151731
151755
151799
151756
151808
151906
151953
151883
151527
151459
151349
151925
151886
151897
151914
151806
151950
151956
152016
152040
151976
152112
152049
152079
151944
152013
151952
151958
151715
152129
152132
151995
151842
151935
152200
152146
152188
151971
152176
151624
151939
151941
151961
151982
151993
152194
152136
151881
152190
152058
151877
152285
152301
152231
152335
152355
152360
152297
152298
152353
152386
151945
152696
152594
152628
152559
152480
152422
152352
152520
152418
152444
152359
152496
152362
152576
152460
152464
152316
152397
152256
151949
152536
152745
152752
152756
152782
152623
152772
152720
152781
152806
152859
152704
152820
152773
152892
152779
152795
152991
152904
152840
152801
152803
153053
153057
153070
152988
153078
153094
152982
152987
153068
153128
153074
153079
153139
152998
152908
152949
153080
153100
153199
153229
153089
152992
153145
153224
153030
153336
153302
152940
153082
153319
153310
153077
153370
153343
153545
153556
153485
153513
153473
153440
153401
153411
153400
153383
153108
153173
153604
153593
153618
153507
153453
153643
153576
153777
153661
153804
153760
153609
153822
153790
153825
153691
153587
153839
153834
153761
153818
153758
153837
153702
153771
153865
153820
153889
153859
153894
153862
153899
153952
153746
153872
153917
153824
153836
154006
153969
153972
153911
153968
153958
153942
154149
154148
154153
153922
154133
154169
154156
154181
154164
154132
154109
154021
154389
154391
154305
154217
154214
154272
154179
154205
154043
154321
154159
154450
154470
154469
154498
154491
154658
154278
154142
154460
154552
154670
154685
154406
154576
154729
154698
154485
154443
154777
154653
154684
154731
154660
154449
154233
154607
154194
154810
154764
154593
154613
154849
154858
154870
154820
154822
154844
154890
154846
154855
154885
154727
154819
154934
154852
154862
154864
154455
154114
154978
154981
155041
154856
155188
155070
154837
154910
155191
155212
155211
155231
155018
155025
155269
155270
155248
154991
155240
155276
155819
155837
155877
155882
155717
155748
155684
155623
155663
155697
155578
155363
155391
155536
155446
155345
155355
155569
155338
155344
155362
155377
155385
155495
155312
155333
155327
155330
155249
155320
155242
155256
155271
155180
155184
155947
155816
155865
155714
156206
156208
156154
156187
156177
156079
156037
155985
156012
156008
155989
156000
155958
155956
156002
156013
155974
155938
156022
155821
155923
155935
155702
155831
155625
156484
156518
156450
156421
156483
156367
156229
156324
156359
156397
156456
156270
156068
156480
156420
156440
156366
156020
156563
156634
156638
156570
156544
156342
156139
156718
156575
156451
156725
156301
156566
156584
156779
156669
156201
156775
156681
157117
157084
157045
157104
156920
156901
156959
156922
156971
156858
156859
156760
156708
156781
156789
156850
156821
156667
156803
156609
157056
157223
157112
157195
156945
157109
157172
157222
157312
157181
156894
157118
157033
157443
157007
157420
157452
157383
157425
157455
157374
157447
157486
157585
157595
157683
157709
157702
157714
157710
157724
157699
157787
157651
157310
157778
157788
157756
157770
157865
157711
157854
157903
157921
157925
157927
157860
157835
157764
157952
157924
157880
157920
157956
157917
157864
157820
157960
157984
158023
157941
158008
157847
157886
158200
158115
158116
158054
158016
158020
158041
158066
158049
158035
158106
158000
157919
158138
158135
158051
158141
158227
158247
158230
158248
158205
158162
158315
158259
158140
158356
158474
158065
158369
158114
158503
158486
158538
158224
158747
158671
158643
158628
158567
158591
158610
158651
158527
158539
158534
158669
158445
158430
158364
158764
158587
159156
159091
159092
159018
159034
159039
159043
158979
159055
158975
158967
158885
158927
158817
158824
158830
158834
158826
158835
158915
158746
158709
158799
158674
158659
159221
159222
159117
159175
159103
158917
159220
159127
159082
159202
159106
159128
159214
159215
159235
159301
159230
159325
159320
159020
159440
159367
159205
159163
159094
159151
159423
159340
159433
159766
159770
159659
159660
159747
159758
159549
159452
159721
159638
159521
159390
159308
159409
159250
159157
159211
159134
159725
159714
159773
159745
159524
160027
159956
159940
159881
159888
159914
159921
160002
159678
159754
159640
159596
159633
159656
159545
160186
160205
160238
160202
160226
160240
160176
159977
159994
160042
160041
160023
159820
159724
160295
160264
160223
160189
160249
160281
160155
160331
160228
160152
159887
160400
160261
160183
159920
160348
160193
160504
160351
160203
160534
160558
160610
160653
160615
160617
160621
160623
160757
160723
160740
160745
160739
160797
160783
160830
160810
160749
160803
160876
160905
160704
160789
160943
160933
160951
160909
160779
161049
161073
161052
161159
161135
161017
161018
160918
160906
161100
160994
161179
161203
161147
161149
161061
161084
161345
161324
161269
161185
161165
161271
161186
161171
161173
161136
161238
161050
161758
161754
161763
161766
161686
161687
161691
161755
161700
161497
161510
161506
161495
161585
161514
161639
161488
161430
161368
161374
161341
161396
161263
161898
161512
161949
161916
161922
161827
161859
161993
161947
161979
161760
162027
162011
161771
161982
162054
162248
162249
162194
162209
162128
162144
162024
162044
162045
162036
162017
161948
161878
161918
162196
162186
162365
162358
162387
162379
162226
162325
162383
162495
162483
162536
162546
162563
162511
162443
162263
162589
162623
162457
162453
162668
162655
162596
163059
163030
162830
162866
162852
162921
162892
162804
162942
162867
162794
162752
162761
162763
162771
162796
162707
162731
162693
162684
162709
162626
162590
162520
162547
162399
163091
162635
163024
162903
163095
163073
162877
162824
162902
163224
163205
163143
163132
162897
163273
163289
162762
162875
163294
163203
162781
163274
163220
163247
163207
163194
163405
163369
163327
163299
163448
163412
163429
163494
163460
163487
163434
163521
163502
163516
163534
163375
163588
163602
163568
163569
163530
163630
163685
163662
163658
163661
163727
163802
163770
163760
163643
163667
163555
163545
163496
164006
164007
163987
163958
163913
163876
163900
163822
163764
163676
163953
164123
164665
164642
164600
164613
164541
164549
164552
164264
164291
164141
164220
164193
164252
164281
164210
164268
164192
164111
164085
164272
164636
164655
164641
164566
164929
164870
164837
164774
164821
164799
164817
164745
164805
164673
164904
164746
164716
164632
165102
165053
164864
164733
164857
165272
165274
165154
165103
165273
165132
165043
165084
165688
165692
165542
165577
165477
165415
165398
165407
165357
165529
